"date"	"MinPrice"	"CP"	"TodayCPAvailable"
20150101	127.9	54.56	1
20150102	122.9	52.69	1
20150103	120.9	0	0
20150104	118.9	0	0
20150105	116.9	50.04	1
20150106	113.9	47.93	1
20150107	111.9	48.65	1
20150108	123.9	48.79	1
20150109	121.9	48.36	1
20150110	119.9	0	0
20150111	117.9	0	0
20150112	115.9	46.07	1
20150113	113.9	45.89	1
20150114	111.9	48.48	1
20150115	119.9	46.25	1
20150116	116.9	48.69	1
20150117	114.9	0	0
20150118	112.9	48.85	1
20150119	110.9	47.78	1
20150120	108.9	46.39	1
20150121	106.9	47.78	1
20150122	116.9	46.31	1
20150123	113.9	45.59	1
20150124	111.9	0	0
20150125	109.9	0	0
20150126	107.9	45.15	1
20150127	105.9	46.23	1
20150128	103.9	44.45	1
20150129	116.9	44.53	1
20150130	114.9	48.24	1
20150131	112.9	0	0
20150201	105.4	0	0
20150202	105.4	49.57	1
20150203	104.9	53.05	1
20150204	104.9	48.45	1
20150205	105.4	50.48	1
20150206	105.4	51.69	1
20150207	105.4	0	0
20150208	105.4	0	0
20150209	105.4	52.86	1
20150210	105.4	50.02	1
20150211	105.4	48.84	1
20150212	105.4	51.21	1
20150213	117.4	52.78	1
20150214	114.9	0	0
20150215	114.4	54.06	1
20150216	114.4	53.61	1
20150217	114.4	53.53	1
20150218	113.9	52.14	1
20150219	114.4	51.16	1
20150220	119.4	50.34	1
20150221	119.4	0	0
20150222	119.4	0	0
20150223	119.4	49.45	1
20150224	119.4	49.28	1
20150225	117.9	50.99	1
20150226	119.4	48.17	1
20150227	125.4	49.76	1
20150228	125.4	0	0
20150301	125.4	0	0
20150302	125.4	49.59	1
20150303	119.9	50.52	1
20150304	118.9	51.53	1
20150305	125.4	50.76	1
20150306	125.4	49.61	1
20150307	125.4	0	0
20150308	125.4	0	0
20150309	125.4	50	1
20150310	121.9	48.29	1
20150311	121.9	48.17	1
20150312	123.4	47.05	1
20150313	123.4	44.84	1
20150314	122.9	0	0
20150315	123.4	0	0
20150316	123.4	43.88	1
20150317	123.4	43.46	1
20150318	123.4	44.66	1
20150319	123.4	43.96	1
20150320	125.9	45.72	1
20150321	129.4	0	0
20150322	129.4	0	0
20150323	129.4	47.45	1
20150324	127.9	47.51	1
20150325	123.4	49.21	1
20150326	123.4	51.43	1
20150327	123.4	48.87	1
20150328	123.4	0	0
20150329	123.4	0	0
20150330	123.4	48.68	1
20150331	123.4	47.6	1
20150401	122.9	50.09	1
20150402	123.4	49.14	1
20150403	123.4	49.14	1
20150404	123.4	0	0
20150405	123.4	0	0
20150406	123.4	52.14	1
20150407	123.4	53.98	1
20150408	123.4	50.42	1
20150409	123.4	50.79	1
20150410	123.4	51.64	1
20150411	123.4	0	0
20150412	123.4	0	0
20150413	123.4	51.91	1
20150414	123.4	53.29	1
20150415	123.4	56.39	1
20150416	123.4	56.71	1
20150417	123.4	55.74	1
20150418	123.4	0	0
20150419	123.4	0	0
20150420	123.4	56.38	1
20150421	123.4	55.26	1
20150422	123.4	56.16	1
20150423	123.4	57.74	1
20150424	129.4	57.15	1
20150425	129.4	0	0
20150426	129.4	0	0
20150427	129.4	56.99	1
20150428	125.4	57.06	1
20150429	125.4	58.58	1
20150430	125.4	59.63	1
20150501	137.9	59.15	1
20150502	135.9	0	0
20150503	133.9	0	0
20150504	131.9	58.93	1
20150505	129.9	60.4	1
20150506	127.9	60.93	1
20150507	143.9	58.94	1
20150508	141.9	59.39	1
20150509	139.9	0	0
20150510	137.9	0	0
20150511	135.9	59.25	1
20150512	133.9	60.75	1
20150513	131.9	60.5	1
20150514	144.9	59.88	1
20150515	142.9	59.69	1
20150516	139.9	0	0
20150517	137.9	0	0
20150518	121.9	59.43	1
20150519	121.9	57.26	1
20150520	121.9	58.98	1
20150521	144.9	60.72	1
20150522	142.9	59.72	1
20150523	120.9	0	0
20150524	120.9	59.92	1
20150525	120.9	59.85	1
20150526	120.9	58.03	1
20150527	120.9	57.51	1
20150528	120.9	57.68	1
20150529	120.9	60.3	1
20150530	119.9	0	0
20150531	119.9	0	0
20150601	118.9	60.2	1
20150602	120.9	61.26	1
20150603	147.9	59.64	1
20150604	145.9	58	1
20150605	117.5	59.13	1
20150606	119.9	0	0
20150607	117.3	0	0
20150608	118.9	58.14	1
20150609	135.9	60.14	1
20150610	147.9	61.43	1
20150611	116.9	60.77	1
20150612	116.9	59.96	1
20150613	115.9	0	0
20150614	115.9	0	0
20150615	114.9	59.52	1
20150616	123.9	59.97	1
20150617	147.9	59.92	1
20150618	114.9	60.45	1
20150619	122.9	59.61	1
20150620	122.9	0	0
20150621	122.9	0	0
20150622	122.9	59.68	1
20150623	149.9	61.01	1
20150624	147.9	60.27	1
20150625	121.9	59.7	1
20150626	124.9	59.63	1
20150627	120.9	0	0
20150628	120.9	0	0
20150629	119.9	58.33	1
20150630	149.9	59.47	1
20150701	144.9	56.96	1
20150702	124.9	56.93	1
20150703	124.9	55.52	1
20150704	124.9	0	0
20150705	123.9	0	0
20150706	123.9	52.53	1
20150707	147.9	52.33	1
20150708	141.9	51.65	1
20150709	121.9	52.78	1
20150710	121.9	52.74	1
20150711	120.9	0	0
20150712	119.9	0	0
20150713	119.9	52.2	1
20150714	147.9	53.04	1
20150715	142.9	51.41	1
20150716	139.9	50.91	1
20150717	121.1	50.89	1
20150718	121.1	0	0
20150719	119.9	0	0
20150720	119.9	50.15	1
20150721	146.9	50.36	1
20150722	118.9	49.19	1
20150723	122.9	48.45	1
20150724	117.9	48.14	1
20150725	117.9	0	0
20150726	116.9	0	0
20150727	115.9	47.39	1
20150728	149.9	47.98	1
20150729	115.1	48.79	1
20150730	115.1	48.52	1
20150731	124.9	47.12	1
20150801	124.8	0	0
20150802	120.9	0	0
20150803	120.9	45.17	1
20150804	144.9	45.74	1
20150805	118.9	45.15	1
20150806	118.9	44.66	1
20150807	117.9	43.87	1
20150808	117.9	0	0
20150809	116.9	0	0
20150810	116.9	44.96	1
20150811	144.9	43.08	1
20150812	115.9	43.3	1
20150813	139.9	42.23	1
20150814	137.9	42.5	1
20150815	135.9	0	0
20150816	132.9	0	0
20150817	129.9	41.87	1
20150818	143.9	42.62	1
20150819	140.9	40.8	1
20150820	138.9	41.14	1
20150821	136.9	40.45	1
20150822	132.9	0	0
20150823	129.9	0	0
20150824	127.9	38.24	1
20150825	139.9	39.31	1
20150826	137.9	38.6	1
20150827	135.9	42.56	1
20150828	133.9	45.22	1
20150829	129.9	0	0
20150830	126.9	0	0
20150831	122.9	49.2	1
20150901	139.9	45.41	1
20150902	132.9	46.25	1
20150903	129.9	46.75	1
20150904	127.9	46.05	1
20150905	125.9	0	0
20150906	122.9	45.72	1
20150907	119.9	44.7	1
20150908	139.9	45.94	1
20150909	136.9	44.15	1
20150910	133.9	45.92	1
20150911	130.9	44.63	1
20150912	127.9	0	0
20150913	124.9	0	0
20150914	121.9	44	1
20150915	139.9	44.59	1
20150916	137.9	47.15	1
20150917	135.9	46.9	1
20150918	132.9	44.68	1
20150919	129.9	0	0
20150920	126.9	0	0
20150921	123.9	46.68	1
20150922	139.9	45.83	1
20150923	136.9	44.48	1
20150924	132.9	44.91	1
20150925	129.9	45.7	1
20150926	127.9	0	0
20150927	124.9	0	0
20150928	119.9	44.43	1
20150929	139.9	45.23	1
20150930	136.9	45.09	1
20151001	134.9	44.74	1
20151002	132.9	45.54	1
20151003	129.9	0	0
20151004	126.9	0	0
20151005	123.9	46.26	1
20151006	139.9	48.53	1
20151007	137.9	47.81	1
20151008	134.9	49.43	1
20151009	119.9	49.63	1
20151010	119.9	0	0
20151011	119.9	0	0
20151012	119.9	47.1	1
20151013	139.9	46.66	1
20151014	137.9	46.64	1
20151015	112.1	46.38	1
20151016	112.1	47.26	1
20151017	112.1	0	0
20151018	112.1	0	0
20151019	112.1	45.89	1
20151020	138.9	45.55	1
20151021	112.1	45.2	1
20151022	112.1	45.38	1
20151023	112.1	44.6	1
20151024	112.1	0	0
20151025	112.1	0	0
20151026	109.1	43.98	1
20151027	137.9	43.2	1
20151028	109.1	45.94	1
20151029	109.1	46.06	1
20151030	109.1	46.59	1
20151031	109.1	0	0
20151101	109.1	0	0
20151102	109.1	46.14	1
20151103	135.9	47.9	1
20151104	109.1	46.32	1
20151105	109.1	45.2	1
20151106	109.1	44.29	1
20151107	108.1	0	0
20151108	108.1	0	0
20151109	108.1	43.87	1
20151110	135.9	44.21	1
20151111	108.1	42.93	1
20151112	108.1	41.75	1
20151113	108.1	40.74	1
20151114	108.1	0	0
20151115	108.1	0	0
20151116	108.1	41.74	1
20151117	135.9	40.67	1
20151118	108.1	40.75	1
20151119	108.1	40.54	1
20151120	108.1	40.39	1
20151121	108.1	0	0
20151122	108.1	0	0
20151123	108.1	41.75	1
20151124	135.9	42.87	1
20151125	108.1	43.04	1
20151126	108.1	42.59	1
20151127	108.1	41.71	1
20151128	108.1	0	0
20151129	108.1	0	0
20151130	107.1	41.65	1
20151201	134.9	41.85	1
20151202	129.9	39.94	1
20151203	127.9	41.08	1
20151204	124.9	39.97	1
20151205	122.9	0	0
20151206	119.9	0	0
20151207	116.9	37.65	1
20151208	134.9	37.51	1
20151209	131.9	37.16	1
20151210	128.9	36.76	1
20151211	125.9	35.62	1
20151212	122.9	0	0
20151213	119.9	0	0
20151214	116.9	36.31	1
20151215	134.9	37.35	1
20151216	128.9	35.52	1
20151217	124.9	34.95	1
20151218	121.9	34.73	1
20151219	118.9	0	0
20151220	115.9	0	0
20151221	112.9	34.74	1
20151222	134.9	36.14	1
20151223	127.9	37.5	1
20151224	125.9	38.1	1
20151225	121.9	0	0
20151226	118.9	0	0
20151227	114.9	0	0
20151228	111.9	36.81	1
20151229	129.9	37.87	1
20151230	127.9	36.6	1
20151231	124.9	37.04	1
